rejected = 1;

rejected = 1;

rejected = 0.222222;

rejected = 0.161616;

rejected = 0.522705;

rejected = 0.191919;

rejected = 0.438288;

rejected = 0.341468;

rejected = 0.747475;

rejected = 0.676768;

rejected = 0.341468;

rejected = 0.911582;

rejected = 0.333267;

rejected = 0.458458;

rejected = 0.29633;

